   40
   12
 225.000 -0.920041  0.700449E+00  0.593290E-01   0.000  1  CBMAMI_2015_Linturi	
 225.000 -0.750007  0.464106E+00  0.559640E-01   0.000  1  CBMAMI_2015_Linturi	
 225.000 -0.580049  0.988600E-01  0.393023E+00   0.000  1  CBMAMI_2015_Linturi	
 225.000 -0.416662 -0.390617E+00  0.912040E-01   0.000  1  CBMAMI_2015_Linturi	
 225.000 -0.249670 -0.993853E+00  0.663970E-01   0.000  1  CBMAMI_2015_Linturi	
 225.000 -0.080060 -0.467334E+00  0.106000E+00   0.000  1  CBMAMI_2015_Linturi	
 225.000  0.079486 -0.537439E+00  0.336820E-01   0.000  1  CBMAMI_2015_Linturi	
 225.000  0.249839 -0.554408E+00  0.223860E-01   0.000  1  CBMAMI_2015_Linturi	
 225.000  0.419975 -0.659820E-01  0.242756E+00   0.000  1  CBMAMI_2015_Linturi	
 225.000  0.580063 -0.210669E+00  0.377470E-01   0.000  1  CBMAMI_2015_Linturi	
 225.000  0.750007 -0.158380E+00  0.245820E-01   0.000  1  CBMAMI_2015_Linturi	
 225.000  0.920040  0.114020E+00  0.531190E-01   0.000  1  CBMAMI_2015_Linturi	
   12
 255.000 -0.920041  0.518165E+00  0.484390E-01   0.000  1  CBMAMI_2015_Linturi	
 255.000 -0.750007  0.127578E+00  0.404490E-01   0.000  1  CBMAMI_2015_Linturi	
 255.000 -0.580049 -0.256803E+00  0.455390E-01   0.000  1  CBMAMI_2015_Linturi	
 255.000 -0.416662 -0.615501E+00  0.180830E-01   0.000  1  CBMAMI_2015_Linturi	
 255.000 -0.249670 -0.762105E+00  0.192500E-01   0.000  1  CBMAMI_2015_Linturi	
 255.000 -0.080060 -0.879317E+00  0.180850E-01   0.000  1  CBMAMI_2015_Linturi	
 255.000  0.079486 -0.902465E+00  0.156210E-01   0.000  1  CBMAMI_2015_Linturi	
 255.000  0.249839 -0.806250E+00  0.171460E-01   0.000  1  CBMAMI_2015_Linturi	
 255.000  0.419975 -0.624835E+00  0.142810E-01   0.000  1  CBMAMI_2015_Linturi	
 255.000  0.580063 -0.378817E+00  0.121650E-01   0.000  1  CBMAMI_2015_Linturi	
 255.000  0.750007 -0.127095E+00  0.274660E-01   0.000  1  CBMAMI_2015_Linturi	
 255.000  0.920040  0.223371E+00  0.174000E-01   0.000  1  CBMAMI_2015_Linturi	
   12
 285.000 -0.920041  0.535894E+00  0.393990E-01   0.000  1  CBMAMI_2015_Linturi	
 285.000 -0.750007  0.648000E-02  0.698840E-01   0.000  1  CBMAMI_2015_Linturi	
 285.000 -0.580049 -0.403950E+00  0.196150E-01   0.000  1  CBMAMI_2015_Linturi	
 285.000 -0.416662 -0.568953E+00  0.138790E-01   0.000  1  CBMAMI_2015_Linturi	
 285.000 -0.249670 -0.719517E+00  0.128030E-01   0.000  1  CBMAMI_2015_Linturi	
 285.000 -0.080060 -0.808397E+00  0.111300E-01   0.000  1  CBMAMI_2015_Linturi	
 285.000  0.079486 -0.807411E+00  0.100570E-01   0.000  1  CBMAMI_2015_Linturi	
 285.000  0.249839 -0.812453E+00  0.944500E-02   0.000  1  CBMAMI_2015_Linturi	
 285.000  0.419975 -0.725645E+00  0.969700E-02   0.000  1  CBMAMI_2015_Linturi	
 285.000  0.580063 -0.602409E+00  0.982000E-02   0.000  1  CBMAMI_2015_Linturi	
 285.000  0.750007 -0.248744E+00  0.156040E-01   0.000  1  CBMAMI_2015_Linturi	
 285.000  0.920040  0.230371E+00  0.158110E-01   0.000  1  CBMAMI_2015_Linturi	
   12
 315.000 -0.920041  0.515334E+00  0.682300E-01   0.000  1  CBMAMI_2015_Linturi	
 315.000 -0.750007  0.270900E-02  0.857020E-01   0.000  1  CBMAMI_2015_Linturi	
 315.000 -0.580049 -0.431438E+00  0.163280E-01   0.000  1  CBMAMI_2015_Linturi	
 315.000 -0.416662 -0.651025E+00  0.115030E-01   0.000  1  CBMAMI_2015_Linturi	
 315.000 -0.249670 -0.767191E+00  0.976100E-02   0.000  1  CBMAMI_2015_Linturi	
 315.000 -0.080060 -0.797276E+00  0.885600E-02   0.000  1  CBMAMI_2015_Linturi	
 315.000  0.079486 -0.855780E+00  0.788400E-02   0.000  1  CBMAMI_2015_Linturi	
 315.000  0.249839 -0.783000E+00  0.814400E-02   0.000  1  CBMAMI_2015_Linturi	
 315.000  0.419975 -0.711887E+00  0.909100E-02   0.000  1  CBMAMI_2015_Linturi	
 315.000  0.580063 -0.523061E+00  0.107800E-01   0.000  1  CBMAMI_2015_Linturi	
 315.000  0.750007 -0.264590E+00  0.114200E-01   0.000  1  CBMAMI_2015_Linturi	
 315.000  0.920040  0.202153E+00  0.147750E-01   0.000  1  CBMAMI_2015_Linturi	
   12
 345.000 -0.920041  0.584361E+00  0.708060E-01   0.000  1  CBMAMI_2015_Linturi	
 345.000 -0.750007 -0.456210E-01  0.980980E-01   0.000  1  CBMAMI_2015_Linturi	
 345.000 -0.580049 -0.399711E+00  0.224210E-01   0.000  1  CBMAMI_2015_Linturi	
 345.000 -0.416662 -0.633256E+00  0.130730E-01   0.000  1  CBMAMI_2015_Linturi	
 345.000 -0.249670 -0.718710E+00  0.133860E-01   0.000  1  CBMAMI_2015_Linturi	
 345.000 -0.080060 -0.825336E+00  0.113490E-01   0.000  1  CBMAMI_2015_Linturi	
 345.000  0.079486 -0.831448E+00  0.104700E-01   0.000  1  CBMAMI_2015_Linturi	
 345.000  0.249839 -0.799030E+00  0.974900E-02   0.000  1  CBMAMI_2015_Linturi	
 345.000  0.419975 -0.685655E+00  0.107070E-01   0.000  1  CBMAMI_2015_Linturi	
 345.000  0.580063 -0.544043E+00  0.113260E-01   0.000  1  CBMAMI_2015_Linturi	
 345.000  0.750007 -0.247287E+00  0.173180E-01   0.000  1  CBMAMI_2015_Linturi	
 345.000  0.920040  0.220001E+00  0.138290E-01   0.000  1  CBMAMI_2015_Linturi	
   12
 375.000 -0.920041  0.551251E+00  0.951900E-01   0.000  1  CBMAMI_2015_Linturi	
 375.000 -0.750007 -0.127633E+00  0.665260E-01   0.000  1  CBMAMI_2015_Linturi	
 375.000 -0.580049 -0.505384E+00  0.241380E-01   0.000  1  CBMAMI_2015_Linturi	
 375.000 -0.416662 -0.631593E+00  0.164110E-01   0.000  1  CBMAMI_2015_Linturi	
 375.000 -0.249670 -0.706186E+00  0.127670E-01   0.000  1  CBMAMI_2015_Linturi	
 375.000 -0.080060 -0.725253E+00  0.117740E-01   0.000  1  CBMAMI_2015_Linturi	
 375.000  0.079486 -0.747834E+00  0.103370E-01   0.000  1  CBMAMI_2015_Linturi	
 375.000  0.249839 -0.718875E+00  0.962600E-02   0.000  1  CBMAMI_2015_Linturi	
 375.000  0.419975 -0.653835E+00  0.905500E-02   0.000  1  CBMAMI_2015_Linturi	
 375.000  0.580063 -0.511900E+00  0.111620E-01   0.000  1  CBMAMI_2015_Linturi	
 375.000  0.750007 -0.247995E+00  0.164350E-01   0.000  1  CBMAMI_2015_Linturi	
 375.000  0.920040  0.188713E+00  0.188070E-01   0.000  1  CBMAMI_2015_Linturi	
   12
 405.000 -0.920041  0.421424E+00  0.513820E-01   0.000  1  CBMAMI_2015_Linturi	
 405.000 -0.750007 -0.159950E+00  0.603340E-01   0.000  1  CBMAMI_2015_Linturi	
 405.000 -0.580049 -0.467248E+00  0.305330E-01   0.000  1  CBMAMI_2015_Linturi	
 405.000 -0.416662 -0.618148E+00  0.191460E-01   0.000  1  CBMAMI_2015_Linturi	
 405.000 -0.249670 -0.695177E+00  0.126450E-01   0.000  1  CBMAMI_2015_Linturi	
 405.000 -0.080060 -0.725485E+00  0.136810E-01   0.000  1  CBMAMI_2015_Linturi	
 405.000  0.079486 -0.750820E+00  0.132000E-01   0.000  1  CBMAMI_2015_Linturi	
 405.000  0.249839 -0.640355E+00  0.138170E-01   0.000  1  CBMAMI_2015_Linturi	
 405.000  0.419975 -0.549960E+00  0.129280E-01   0.000  1  CBMAMI_2015_Linturi	
 405.000  0.580063 -0.417879E+00  0.152220E-01   0.000  1  CBMAMI_2015_Linturi	
 405.000  0.750007 -0.149277E+00  0.361770E-01   0.000  1  CBMAMI_2015_Linturi	
 405.000  0.920040  0.270978E+00  0.135780E-01   0.000  1  CBMAMI_2015_Linturi	
   12
 435.000 -0.920041  0.502241E+00  0.618990E-01   0.000  1  CBMAMI_2015_Linturi	
 435.000 -0.750007 -0.214134E+00  0.151270E-01   0.000  1  CBMAMI_2015_Linturi	
 435.000 -0.580049 -0.462681E+00  0.341210E-01   0.000  1  CBMAMI_2015_Linturi	
 435.000 -0.416662 -0.609484E+00  0.188590E-01   0.000  1  CBMAMI_2015_Linturi	
 435.000 -0.249670 -0.645085E+00  0.154360E-01   0.000  1  CBMAMI_2015_Linturi	
 435.000 -0.080060 -0.673883E+00  0.140010E-01   0.000  1  CBMAMI_2015_Linturi	
 435.000  0.079486 -0.719950E+00  0.123400E-01   0.000  1  CBMAMI_2015_Linturi	
 435.000  0.249839 -0.656023E+00  0.111900E-01   0.000  1  CBMAMI_2015_Linturi	
 435.000  0.419975 -0.599276E+00  0.119100E-01   0.000  1  CBMAMI_2015_Linturi	
 435.000  0.580063 -0.340913E+00  0.192460E-01   0.000  1  CBMAMI_2015_Linturi	
 435.000  0.750007 -0.147800E+00  0.372210E-01   0.000  1  CBMAMI_2015_Linturi	
 435.000  0.920040  0.360413E+00  0.118630E-01   0.000  1  CBMAMI_2015_Linturi	
   12
 465.000 -0.920041  0.236100E+00  0.994470E-01   0.000  1  CBMAMI_2015_Linturi	
 465.000 -0.750007 -0.316165E+00  0.575580E-01   0.000  1  CBMAMI_2015_Linturi	
 465.000 -0.580049 -0.462472E+00  0.515590E-01   0.000  1  CBMAMI_2015_Linturi	
 465.000 -0.416662 -0.595213E+00  0.250080E-01   0.000  1  CBMAMI_2015_Linturi	
 465.000 -0.249670 -0.600967E+00  0.228310E-01   0.000  1  CBMAMI_2015_Linturi	
 465.000 -0.080060 -0.643593E+00  0.177590E-01   0.000  1  CBMAMI_2015_Linturi	
 465.000  0.079486 -0.620696E+00  0.164320E-01   0.000  1  CBMAMI_2015_Linturi	
 465.000  0.249839 -0.549493E+00  0.181650E-01   0.000  1  CBMAMI_2015_Linturi	
 465.000  0.419975 -0.503510E+00  0.177830E-01   0.000  1  CBMAMI_2015_Linturi	
 465.000  0.580063 -0.358104E+00  0.245210E-01   0.000  1  CBMAMI_2015_Linturi	
 465.000  0.750007 -0.143842E+00  0.461390E-01   0.000  1  CBMAMI_2015_Linturi	
 465.000  0.920040  0.430270E+00  0.185650E-01   0.000  1  CBMAMI_2015_Linturi	
   12
 495.000 -0.920041  0.304605E+00  0.754610E-01   0.000  1  CBMAMI_2015_Linturi	
 495.000 -0.750007 -0.252189E+00  0.774950E-01   0.000  1  CBMAMI_2015_Linturi	
 495.000 -0.580049 -0.429526E+00  0.530800E-01   0.000  1  CBMAMI_2015_Linturi	
 495.000 -0.416662 -0.559195E+00  0.312920E-01   0.000  1  CBMAMI_2015_Linturi	
 495.000 -0.249670 -0.594820E+00  0.709910E-01   0.000  1  CBMAMI_2015_Linturi	
 495.000 -0.080060 -0.593045E+00  0.165910E-01   0.000  1  CBMAMI_2015_Linturi	
 495.000  0.079486 -0.551018E+00  0.181120E-01   0.000  1  CBMAMI_2015_Linturi	
 495.000  0.249839 -0.553680E+00  0.166880E-01   0.000  1  CBMAMI_2015_Linturi	
 495.000  0.419975 -0.455865E+00  0.165140E-01   0.000  1  CBMAMI_2015_Linturi	
 495.000  0.580063 -0.388754E+00  0.215150E-01   0.000  1  CBMAMI_2015_Linturi	
 495.000  0.750007 -0.579840E-01  0.277160E-01   0.000  1  CBMAMI_2015_Linturi	
 495.000  0.920040  0.407036E+00  0.227730E-01   0.000  1  CBMAMI_2015_Linturi	
   12
 525.000 -0.920041  0.209961E+00  0.684860E-01   0.000  1  CBMAMI_2015_Linturi	
 525.000 -0.750007 -0.267521E+00  0.154700E-01   0.000  1  CBMAMI_2015_Linturi	
 525.000 -0.580049 -0.382492E+00  0.997870E-01   0.000  1  CBMAMI_2015_Linturi	
 525.000 -0.416662 -0.416991E+00  0.406880E-01   0.000  1  CBMAMI_2015_Linturi	
 525.000 -0.249670 -0.463307E+00  0.222740E-01   0.000  1  CBMAMI_2015_Linturi	
 525.000 -0.080060 -0.471576E+00  0.207580E-01   0.000  1  CBMAMI_2015_Linturi	
 525.000  0.079486 -0.492544E+00  0.220180E-01   0.000  1  CBMAMI_2015_Linturi	
 525.000  0.249839 -0.455976E+00  0.225870E-01   0.000  1  CBMAMI_2015_Linturi	
 525.000  0.419975 -0.376893E+00  0.212460E-01   0.000  1  CBMAMI_2015_Linturi	
 525.000  0.580063 -0.229786E+00  0.374480E-01   0.000  1  CBMAMI_2015_Linturi	
 525.000  0.750007 -0.550550E-01  0.251610E-01   0.000  1  CBMAMI_2015_Linturi	
 525.000  0.920040  0.394505E+00  0.226130E-01   0.000  1  CBMAMI_2015_Linturi	
   12
 555.000 -0.920041  0.505480E+00  0.513100E-01   0.000  1  CBMAMI_2015_Linturi	
 555.000 -0.750007  0.716380E-01  0.352510E-01   0.000  1  CBMAMI_2015_Linturi	
 555.000 -0.580049 -0.992790E-01  0.501470E-01   0.000  1  CBMAMI_2015_Linturi	
 555.000 -0.416662 -0.209379E+00  0.965180E-01   0.000  1  CBMAMI_2015_Linturi	
 555.000 -0.249670 -0.248217E+00  0.704830E-01   0.000  1  CBMAMI_2015_Linturi	
 555.000 -0.080060 -0.286410E+00  0.433460E-01   0.000  1  CBMAMI_2015_Linturi	
 555.000  0.079486 -0.366913E+00  0.222920E-01   0.000  1  CBMAMI_2015_Linturi	
 555.000  0.249839 -0.416681E+00  0.210740E-01   0.000  1  CBMAMI_2015_Linturi	
 555.000  0.419975 -0.360563E+00  0.225940E-01   0.000  1  CBMAMI_2015_Linturi	
 555.000  0.580063 -0.209797E+00  0.409700E-01   0.000  1  CBMAMI_2015_Linturi	
 555.000  0.750007  0.735990E-01  0.914680E-01   0.000  1  CBMAMI_2015_Linturi	
 555.000  0.920040  0.533135E+00  0.268610E-01   0.000  1  CBMAMI_2015_Linturi	
   12
 585.000 -0.920041  0.685520E+00  0.655630E-01   0.000  1  CBMAMI_2015_Linturi	
 585.000 -0.750007  0.334991E+00  0.256690E-01   0.000  1  CBMAMI_2015_Linturi	
 585.000 -0.580049  0.136153E+00  0.738070E-01   0.000  1  CBMAMI_2015_Linturi	
 585.000 -0.416662 -0.277380E-01  0.574100E-01   0.000  1  CBMAMI_2015_Linturi	
 585.000 -0.249670 -0.176173E+00  0.204290E-01   0.000  1  CBMAMI_2015_Linturi	
 585.000 -0.080060 -0.219823E+00  0.582500E-01   0.000  1  CBMAMI_2015_Linturi	
 585.000  0.079486 -0.245437E+00  0.565370E-01   0.000  1  CBMAMI_2015_Linturi	
 585.000  0.249839 -0.275348E+00  0.419520E-01   0.000  1  CBMAMI_2015_Linturi	
 585.000  0.419975 -0.277975E+00  0.376800E-01   0.000  1  CBMAMI_2015_Linturi	
 585.000  0.580063 -0.130834E+00  0.339560E-01   0.000  1  CBMAMI_2015_Linturi	
 585.000  0.750007  0.137631E+00  0.980240E-01   0.000  1  CBMAMI_2015_Linturi	
 585.000  0.920040  0.456423E+00  0.349060E-01   0.000  1  CBMAMI_2015_Linturi	
   12
 615.000 -0.920041  0.620832E+00  0.597600E-01   0.000  1  CBMAMI_2015_Linturi	
 615.000 -0.750007  0.479676E+00  0.389540E-01   0.000  1  CBMAMI_2015_Linturi	
 615.000 -0.580049  0.299648E+00  0.214340E-01   0.000  1  CBMAMI_2015_Linturi	
 615.000 -0.416662  0.117027E+00  0.680160E-01   0.000  1  CBMAMI_2015_Linturi	
 615.000 -0.249670 -0.384390E-01  0.963200E-01   0.000  1  CBMAMI_2015_Linturi	
 615.000 -0.080060 -0.157753E+00  0.873570E-01   0.000  1  CBMAMI_2015_Linturi	
 615.000  0.079486 -0.192826E+00  0.435620E-01   0.000  1  CBMAMI_2015_Linturi	
 615.000  0.249839 -0.271646E+00  0.656810E-01   0.000  1  CBMAMI_2015_Linturi	
 615.000  0.419975 -0.248197E+00  0.346030E-01   0.000  1  CBMAMI_2015_Linturi	
 615.000  0.580063 -0.105602E+00  0.108070E-01   0.000  1  CBMAMI_2015_Linturi	
 615.000  0.750007  0.147286E+00  0.998050E-01   0.000  1  CBMAMI_2015_Linturi	
 615.000  0.920040  0.474873E+00  0.340200E-01   0.000  1  CBMAMI_2015_Linturi	
   12
 645.000 -0.920041  0.849236E+00  0.503310E-01   0.000  1  CBMAMI_2015_Linturi	
 645.000 -0.750007  0.599513E+00  0.809730E-01   0.000  1  CBMAMI_2015_Linturi	
 645.000 -0.580049  0.336450E+00  0.715230E-01   0.000  1  CBMAMI_2015_Linturi	
 645.000 -0.416662  0.196829E+00  0.717720E-01   0.000  1  CBMAMI_2015_Linturi	
 645.000 -0.249670 -0.156870E-01  0.620300E-01   0.000  1  CBMAMI_2015_Linturi	
 645.000 -0.080060 -0.855740E-01  0.229100E-01   0.000  1  CBMAMI_2015_Linturi	
 645.000  0.079486 -0.168637E+00  0.397610E-01   0.000  1  CBMAMI_2015_Linturi	
 645.000  0.249839 -0.295453E+00  0.432470E-01   0.000  1  CBMAMI_2015_Linturi	
 645.000  0.419975 -0.251605E+00  0.732620E-01   0.000  1  CBMAMI_2015_Linturi	
 645.000  0.580063 -0.148337E+00  0.714180E-01   0.000  1  CBMAMI_2015_Linturi	
 645.000  0.750007  0.796460E-01  0.600440E-01   0.000  1  CBMAMI_2015_Linturi	
 645.000  0.920040  0.435570E+00  0.389950E-01   0.000  1  CBMAMI_2015_Linturi	
   12
 675.000 -0.920041  0.866289E+00  0.234430E-01   0.000  1  CBMAMI_2015_Linturi	
 675.000 -0.750007  0.623897E+00  0.913580E-01   0.000  1  CBMAMI_2015_Linturi	
 675.000 -0.580049  0.348304E+00  0.560780E-01   0.000  1  CBMAMI_2015_Linturi	
 675.000 -0.416662  0.194334E+00  0.898250E-01   0.000  1  CBMAMI_2015_Linturi	
 675.000 -0.249670  0.385930E-01  0.822500E-01   0.000  1  CBMAMI_2015_Linturi	
 675.000 -0.080060 -0.606690E-01  0.300530E-01   0.000  1  CBMAMI_2015_Linturi	
 675.000  0.079486 -0.165305E+00  0.720660E-01   0.000  1  CBMAMI_2015_Linturi	
 675.000  0.249839 -0.147546E+00  0.996740E-01   0.000  1  CBMAMI_2015_Linturi	
 675.000  0.419975 -0.177511E+00  0.244540E-01   0.000  1  CBMAMI_2015_Linturi	
 675.000  0.580063 -0.876990E-01  0.607800E-01   0.000  1  CBMAMI_2015_Linturi	
 675.000  0.750007  0.722990E-01  0.947200E-01   0.000  1  CBMAMI_2015_Linturi	
 675.000  0.920040  0.388689E+00  0.459310E-01   0.000  1  CBMAMI_2015_Linturi	
   12
 705.000 -0.920041  0.805625E+00  0.210390E-01   0.000  1  CBMAMI_2015_Linturi	
 705.000 -0.750007  0.553618E+00  0.432100E-01   0.000  1  CBMAMI_2015_Linturi	
 705.000 -0.580049  0.392894E+00  0.537420E-01   0.000  1  CBMAMI_2015_Linturi	
 705.000 -0.416662  0.293164E+00  0.456770E-01   0.000  1  CBMAMI_2015_Linturi	
 705.000 -0.249670  0.156075E+00  0.604140E-01   0.000  1  CBMAMI_2015_Linturi	
 705.000 -0.080060  0.985540E-01  0.501850E-01   0.000  1  CBMAMI_2015_Linturi	
 705.000  0.079486 -0.138020E-01  0.356780E-01   0.000  1  CBMAMI_2015_Linturi	
 705.000  0.249839 -0.387240E-01  0.768850E-01   0.000  1  CBMAMI_2015_Linturi	
 705.000  0.419975 -0.288650E-01  0.444720E-01   0.000  1  CBMAMI_2015_Linturi	
 705.000  0.580063  0.213910E-01  0.637670E-01   0.000  1  CBMAMI_2015_Linturi	
 705.000  0.750007  0.126545E+00  0.164430E-01   0.000  1  CBMAMI_2015_Linturi	
 705.000  0.920040  0.362423E+00  0.143540E-01   0.000  1  CBMAMI_2015_Linturi	
   12
 735.000 -0.920041  0.724500E+00  0.404900E-01   0.000  1  CBMAMI_2015_Linturi	
 735.000 -0.750007  0.468081E+00  0.761220E-01   0.000  1  CBMAMI_2015_Linturi	
 735.000 -0.580049  0.292298E+00  0.278630E-01   0.000  1  CBMAMI_2015_Linturi	
 735.000 -0.416662  0.213693E+00  0.459330E-01   0.000  1  CBMAMI_2015_Linturi	
 735.000 -0.249670  0.109648E+00  0.189310E-01   0.000  1  CBMAMI_2015_Linturi	
 735.000 -0.080060  0.721500E-02  0.627500E-01   0.000  1  CBMAMI_2015_Linturi	
 735.000  0.079486 -0.183770E-01  0.356280E-01   0.000  1  CBMAMI_2015_Linturi	
 735.000  0.249839 -0.249000E-03  0.512580E-01   0.000  1  CBMAMI_2015_Linturi	
 735.000  0.419975  0.357950E-01  0.586540E-01   0.000  1  CBMAMI_2015_Linturi	
 735.000  0.580063  0.102527E+00  0.438940E-01   0.000  1  CBMAMI_2015_Linturi	
 735.000  0.750007  0.208365E+00  0.429410E-01   0.000  1  CBMAMI_2015_Linturi	
 735.000  0.920040  0.393180E+00  0.114890E-01   0.000  1  CBMAMI_2015_Linturi	
   12
 765.000 -0.920041  0.613282E+00  0.509400E-01   0.000  1  CBMAMI_2015_Linturi	
 765.000 -0.750007  0.285127E+00  0.487930E-01   0.000  1  CBMAMI_2015_Linturi	
 765.000 -0.580049  0.128802E+00  0.882300E-02   0.000  1  CBMAMI_2015_Linturi	
 765.000 -0.416662  0.503210E-01  0.333500E-01   0.000  1  CBMAMI_2015_Linturi	
 765.000 -0.249670  0.196410E-01  0.214490E-01   0.000  1  CBMAMI_2015_Linturi	
 765.000 -0.080060 -0.116730E-01  0.273110E-01   0.000  1  CBMAMI_2015_Linturi	
 765.000  0.079486 -0.837830E-01  0.186870E-01   0.000  1  CBMAMI_2015_Linturi	
 765.000  0.249839 -0.369930E-01  0.535080E-01   0.000  1  CBMAMI_2015_Linturi	
 765.000  0.419975 -0.164800E-02  0.662700E-01   0.000  1  CBMAMI_2015_Linturi	
 765.000  0.580063  0.732710E-01  0.597930E-01   0.000  1  CBMAMI_2015_Linturi	
 765.000  0.750007  0.130016E+00  0.259800E-01   0.000  1  CBMAMI_2015_Linturi	
 765.000  0.920040  0.312261E+00  0.411700E-01   0.000  1  CBMAMI_2015_Linturi	
   12
 795.000 -0.920041  0.506498E+00  0.533500E-01   0.000  1  CBMAMI_2015_Linturi	
 795.000 -0.750007  0.247202E+00  0.491750E-01   0.000  1  CBMAMI_2015_Linturi	
 795.000 -0.580049  0.607810E-01  0.362500E-01   0.000  1  CBMAMI_2015_Linturi	
 795.000 -0.416662  0.471340E-01  0.522460E-01   0.000  1  CBMAMI_2015_Linturi	
 795.000 -0.249670 -0.404930E-01  0.615820E-01   0.000  1  CBMAMI_2015_Linturi	
 795.000 -0.080060 -0.766760E-01  0.444740E-01   0.000  1  CBMAMI_2015_Linturi	
 795.000  0.079486 -0.678500E-01  0.534540E-01   0.000  1  CBMAMI_2015_Linturi	
 795.000  0.249839 -0.781200E-01  0.328420E-01   0.000  1  CBMAMI_2015_Linturi	
 795.000  0.419975 -0.502730E-01  0.959710E-01   0.000  1  CBMAMI_2015_Linturi	
 795.000  0.580063  0.121878E+00  0.588100E-01   0.000  1  CBMAMI_2015_Linturi	
 795.000  0.750007  0.251535E+00  0.336580E-01   0.000  1  CBMAMI_2015_Linturi	
 795.000  0.920040  0.457483E+00  0.940190E-01   0.000  1  CBMAMI_2015_Linturi	
   12
 825.000 -0.920041  0.465282E+00  0.933600E-01   0.000  1  CBMAMI_2015_Linturi	
 825.000 -0.750007  0.189521E+00  0.983280E-01   0.000  1  CBMAMI_2015_Linturi	
 825.000 -0.580049 -0.202330E-01  0.543050E-01   0.000  1  CBMAMI_2015_Linturi	
 825.000 -0.416662 -0.107359E+00  0.786800E-01   0.000  1  CBMAMI_2015_Linturi	
 825.000 -0.249670 -0.124301E+00  0.661820E-01   0.000  1  CBMAMI_2015_Linturi	
 825.000 -0.080060 -0.922330E-01  0.330000E-01   0.000  1  CBMAMI_2015_Linturi	
 825.000  0.079486 -0.171810E-01  0.816800E-01   0.000  1  CBMAMI_2015_Linturi	
 825.000  0.249839  0.386790E-01  0.354060E-01   0.000  1  CBMAMI_2015_Linturi	
 825.000  0.419975  0.942140E-01  0.773400E-01   0.000  1  CBMAMI_2015_Linturi	
 825.000  0.580063  0.242293E+00  0.594330E-01   0.000  1  CBMAMI_2015_Linturi	
 825.000  0.750007  0.378868E+00  0.421600E-01   0.000  1  CBMAMI_2015_Linturi	
 825.000  0.920040  0.466477E+00  0.952320E-01   0.000  1  CBMAMI_2015_Linturi	
   12
 855.000 -0.920041  0.348760E+00  0.886290E-01   0.000  1  CBMAMI_2015_Linturi	
 855.000 -0.750007  0.209800E-02  0.756300E-01   0.000  1  CBMAMI_2015_Linturi	
 855.000 -0.580049 -0.205089E+00  0.507640E-01   0.000  1  CBMAMI_2015_Linturi	
 855.000 -0.416662 -0.270872E+00  0.371460E-01   0.000  1  CBMAMI_2015_Linturi	
 855.000 -0.249670 -0.257578E+00  0.215790E-01   0.000  1  CBMAMI_2015_Linturi	
 855.000 -0.080060 -0.227246E+00  0.556810E-01   0.000  1  CBMAMI_2015_Linturi	
 855.000  0.079486 -0.138921E+00  0.323140E-01   0.000  1  CBMAMI_2015_Linturi	
 855.000  0.249839 -0.571740E-01  0.297530E-01   0.000  1  CBMAMI_2015_Linturi	
 855.000  0.419975  0.961880E-01  0.435690E-01   0.000  1  CBMAMI_2015_Linturi	
 855.000  0.580063  0.328645E+00  0.509120E-01   0.000  1  CBMAMI_2015_Linturi	
 855.000  0.750007  0.350633E+00  0.694530E-01   0.000  1  CBMAMI_2015_Linturi	
 855.000  0.920040  0.590905E+00  0.474610E-01   0.000  1  CBMAMI_2015_Linturi	
   12
 885.000 -0.920041  0.261466E+00  0.978060E-01   0.000  1  CBMAMI_2015_Linturi	
 885.000 -0.750007 -0.174376E+00  0.954200E-01   0.000  1  CBMAMI_2015_Linturi	
 885.000 -0.580049 -0.329218E+00  0.420410E-01   0.000  1  CBMAMI_2015_Linturi	
 885.000 -0.416662 -0.340244E+00  0.594200E-02   0.000  1  CBMAMI_2015_Linturi	
 885.000 -0.249670 -0.345612E+00  0.776760E-01   0.000  1  CBMAMI_2015_Linturi	
 885.000 -0.080060 -0.327982E+00  0.710440E-01   0.000  1  CBMAMI_2015_Linturi	
 885.000  0.079486 -0.215409E+00  0.320800E-01   0.000  1  CBMAMI_2015_Linturi	
 885.000  0.249839 -0.104525E+00  0.610270E-01   0.000  1  CBMAMI_2015_Linturi	
 885.000  0.419975  0.142756E+00  0.817160E-01   0.000  1  CBMAMI_2015_Linturi	
 885.000  0.580063  0.316142E+00  0.531110E-01   0.000  1  CBMAMI_2015_Linturi	
 885.000  0.750007  0.274432E+00  0.518830E-01   0.000  1  CBMAMI_2015_Linturi	
 885.000  0.920040  0.259025E+00  0.487390E-01   0.000  1  CBMAMI_2015_Linturi	
   12
 915.000 -0.920041  0.195131E+00  0.418640E-01   0.000  1  CBMAMI_2015_Linturi	
 915.000 -0.750007 -0.246705E+00  0.336420E-01   0.000  1  CBMAMI_2015_Linturi	
 915.000 -0.580049 -0.473222E+00  0.530410E-01   0.000  1  CBMAMI_2015_Linturi	
 915.000 -0.416662 -0.506324E+00  0.566800E-01   0.000  1  CBMAMI_2015_Linturi	
 915.000 -0.249670 -0.484140E+00  0.527510E-01   0.000  1  CBMAMI_2015_Linturi	
 915.000 -0.080060 -0.373994E+00  0.503810E-01   0.000  1  CBMAMI_2015_Linturi	
 915.000  0.079486 -0.257827E+00  0.108861E+00   0.000  1  CBMAMI_2015_Linturi	
 915.000  0.249839 -0.142600E+00  0.290840E-01   0.000  1  CBMAMI_2015_Linturi	
 915.000  0.419975  0.631710E-01  0.564260E-01   0.000  1  CBMAMI_2015_Linturi	
 915.000  0.580063  0.248189E+00  0.897370E-01   0.000  1  CBMAMI_2015_Linturi	
 915.000  0.750007  0.195155E+00  0.807620E-01   0.000  1  CBMAMI_2015_Linturi	
 915.000  0.920040  0.371871E+00  0.795860E-01   0.000  1  CBMAMI_2015_Linturi	
   12
 945.000 -0.920041  0.169931E+00  0.165590E+00   0.000  1  CBMAMI_2015_Linturi	
 945.000 -0.750007 -0.452002E+00  0.358800E-01   0.000  1  CBMAMI_2015_Linturi	
 945.000 -0.580049 -0.557906E+00  0.672670E-01   0.000  1  CBMAMI_2015_Linturi	
 945.000 -0.416662 -0.591933E+00  0.623900E-01   0.000  1  CBMAMI_2015_Linturi	
 945.000 -0.249670 -0.558382E+00  0.514480E-01   0.000  1  CBMAMI_2015_Linturi	
 945.000 -0.080060 -0.522288E+00  0.596760E-01   0.000  1  CBMAMI_2015_Linturi	
 945.000  0.079486 -0.353027E+00  0.419500E-01   0.000  1  CBMAMI_2015_Linturi	
 945.000  0.249839 -0.132328E+00  0.219750E-01   0.000  1  CBMAMI_2015_Linturi	
 945.000  0.419975  0.132320E+00  0.351900E-01   0.000  1  CBMAMI_2015_Linturi	
 945.000  0.580063  0.229336E+00  0.886160E-01   0.000  1  CBMAMI_2015_Linturi	
 945.000  0.750007  0.130581E+00  0.107184E+00   0.000  1  CBMAMI_2015_Linturi	
 945.000  0.920040  0.233898E+00  0.147553E+00   0.000  1  CBMAMI_2015_Linturi	
   12
 975.000 -0.920041  0.431410E-01  0.893200E-01   0.000  1  CBMAMI_2015_Linturi	
 975.000 -0.750007 -0.471284E+00  0.914900E-01   0.000  1  CBMAMI_2015_Linturi	
 975.000 -0.580049 -0.605093E+00  0.622980E-01   0.000  1  CBMAMI_2015_Linturi	
 975.000 -0.416662 -0.706511E+00  0.446460E-01   0.000  1  CBMAMI_2015_Linturi	
 975.000 -0.249670 -0.622471E+00  0.401590E-01   0.000  1  CBMAMI_2015_Linturi	
 975.000 -0.080060 -0.517262E+00  0.557990E-01   0.000  1  CBMAMI_2015_Linturi	
 975.000  0.079486 -0.448781E+00  0.834370E-01   0.000  1  CBMAMI_2015_Linturi	
 975.000  0.249839 -0.199670E+00  0.823100E-01   0.000  1  CBMAMI_2015_Linturi	
 975.000  0.419975  0.815740E-01  0.112400E-01   0.000  1  CBMAMI_2015_Linturi	
 975.000  0.580063 -0.177810E-01  0.129420E+00   0.000  1  CBMAMI_2015_Linturi	
 975.000  0.750007 -0.181310E+00  0.951300E-01   0.000  1  CBMAMI_2015_Linturi	
 975.000  0.920040 -0.193545E+00  0.819910E-01   0.000  1  CBMAMI_2015_Linturi	
   12
1005.000 -0.920041  0.342290E-01  0.180055E+00   0.000  1  CBMAMI_2015_Linturi	
1005.000 -0.750007 -0.473678E+00  0.155099E+00   0.000  1  CBMAMI_2015_Linturi	
1005.000 -0.580049 -0.643493E+00  0.580920E-01   0.000  1  CBMAMI_2015_Linturi	
1005.000 -0.416662 -0.673264E+00  0.582110E-01   0.000  1  CBMAMI_2015_Linturi	
1005.000 -0.249670 -0.676839E+00  0.497510E-01   0.000  1  CBMAMI_2015_Linturi	
1005.000 -0.080060 -0.515699E+00  0.435560E-01   0.000  1  CBMAMI_2015_Linturi	
1005.000  0.079486 -0.309760E+00  0.808580E-01   0.000  1  CBMAMI_2015_Linturi	
1005.000  0.249839 -0.139520E-01  0.164430E+00   0.000  1  CBMAMI_2015_Linturi	
1005.000  0.419975 -0.178150E-01  0.145530E+00   0.000  1  CBMAMI_2015_Linturi	
1005.000  0.580063 -0.963300E-02  0.121527E+00   0.000  1  CBMAMI_2015_Linturi	
1005.000  0.750007 -0.124022E+00  0.113737E+00   0.000  1  CBMAMI_2015_Linturi	
1005.000  0.920040 -0.254649E+00  0.684860E-01   0.000  1  CBMAMI_2015_Linturi	
   12
1035.000 -0.920041  0.144220E+00  0.193259E+00   0.000  1  CBMAMI_2015_Linturi	
1035.000 -0.750007 -0.525133E+00  0.762520E-01   0.000  1  CBMAMI_2015_Linturi	
1035.000 -0.580049 -0.644539E+00  0.519300E-01   0.000  1  CBMAMI_2015_Linturi	
1035.000 -0.416662 -0.651315E+00  0.546910E-01   0.000  1  CBMAMI_2015_Linturi	
1035.000 -0.249670 -0.568675E+00  0.652930E-01   0.000  1  CBMAMI_2015_Linturi	
1035.000 -0.080060 -0.377803E+00  0.758020E-01   0.000  1  CBMAMI_2015_Linturi	
1035.000  0.079486 -0.190389E+00  0.147977E+00   0.000  1  CBMAMI_2015_Linturi	
1035.000  0.249839  0.275000E-03  0.129837E+00   0.000  1  CBMAMI_2015_Linturi	
1035.000  0.419975 -0.942670E-01  0.166667E+00   0.000  1  CBMAMI_2015_Linturi	
1035.000  0.580063 -0.165924E+00  0.105667E+00   0.000  1  CBMAMI_2015_Linturi	
1035.000  0.750007 -0.236857E+00  0.110936E+00   0.000  1  CBMAMI_2015_Linturi	
1035.000  0.920040 -0.178453E+00  0.109370E+00   0.000  1  CBMAMI_2015_Linturi	
   12
1065.000 -0.920041  0.260020E+00  0.192163E+00   0.000  1  CBMAMI_2015_Linturi	
1065.000 -0.750007 -0.369197E+00  0.895290E-01   0.000  1  CBMAMI_2015_Linturi	
1065.000 -0.580049 -0.645374E+00  0.630410E-01   0.000  1  CBMAMI_2015_Linturi	
1065.000 -0.416662 -0.703551E+00  0.616010E-01   0.000  1  CBMAMI_2015_Linturi	
1065.000 -0.249670 -0.660611E+00  0.494160E-01   0.000  1  CBMAMI_2015_Linturi	
1065.000 -0.080060 -0.454497E+00  0.726900E-01   0.000  1  CBMAMI_2015_Linturi	
1065.000  0.079486 -0.228626E+00  0.630310E-01   0.000  1  CBMAMI_2015_Linturi	
1065.000  0.249839 -0.105082E+00  0.759400E-01   0.000  1  CBMAMI_2015_Linturi	
1065.000  0.419975 -0.183550E-01  0.957200E-01   0.000  1  CBMAMI_2015_Linturi	
1065.000  0.580063 -0.125886E+00  0.866700E-01   0.000  1  CBMAMI_2015_Linturi	
1065.000  0.750007 -0.178093E+00  0.154930E+00   0.000  1  CBMAMI_2015_Linturi	
1065.000  0.920040 -0.258086E+00  0.786240E-01   0.000  1  CBMAMI_2015_Linturi	
   12
1095.000 -0.920041  0.416740E+00  0.253179E+00   0.000  1  CBMAMI_2015_Linturi	
1095.000 -0.750007 -0.370330E+00  0.109967E+00   0.000  1  CBMAMI_2015_Linturi	
1095.000 -0.580049 -0.623149E+00  0.838320E-01   0.000  1  CBMAMI_2015_Linturi	
1095.000 -0.416662 -0.659430E+00  0.623080E-01   0.000  1  CBMAMI_2015_Linturi	
1095.000 -0.249670 -0.573618E+00  0.455140E-01   0.000  1  CBMAMI_2015_Linturi	
1095.000 -0.080060 -0.380399E+00  0.108918E+00   0.000  1  CBMAMI_2015_Linturi	
1095.000  0.079486 -0.167887E+00  0.925910E-01   0.000  1  CBMAMI_2015_Linturi	
1095.000  0.249839 -0.235020E-01  0.985400E-01   0.000  1  CBMAMI_2015_Linturi	
1095.000  0.419975 -0.663360E-01  0.275680E-01   0.000  1  CBMAMI_2015_Linturi	
1095.000  0.580063 -0.729250E-01  0.588100E-01   0.000  1  CBMAMI_2015_Linturi	
1095.000  0.750007 -0.955380E-01  0.326480E-01   0.000  1  CBMAMI_2015_Linturi	
1095.000  0.920040  0.190336E+00  0.179984E+00   0.000  1  CBMAMI_2015_Linturi	
   12
1125.000 -0.920041  0.398056E+00  0.167872E+00   0.000  1  CBMAMI_2015_Linturi	
1125.000 -0.750007 -0.166819E+00  0.510780E-01   0.000  1  CBMAMI_2015_Linturi	
1125.000 -0.580049 -0.637792E+00  0.107099E+00   0.000  1  CBMAMI_2015_Linturi	
1125.000 -0.416662 -0.642934E+00  0.111570E+00   0.000  1  CBMAMI_2015_Linturi	
1125.000 -0.249670 -0.437852E+00  0.816720E-01   0.000  1  CBMAMI_2015_Linturi	
1125.000 -0.080060 -0.229312E+00  0.151254E+00   0.000  1  CBMAMI_2015_Linturi	
1125.000  0.079486 -0.328260E-01  0.140436E+00   0.000  1  CBMAMI_2015_Linturi	
1125.000  0.249839  0.378600E-02  0.872900E-01   0.000  1  CBMAMI_2015_Linturi	
1125.000  0.419975 -0.126440E-01  0.161884E+00   0.000  1  CBMAMI_2015_Linturi	
1125.000  0.580063 -0.108512E+00  0.486920E-01   0.000  1  CBMAMI_2015_Linturi	
1125.000  0.750007 -0.459050E-01  0.704450E-01   0.000  1  CBMAMI_2015_Linturi	
1125.000  0.920040  0.260480E-01  0.137378E+00   0.000  1  CBMAMI_2015_Linturi	
   12
1155.000 -0.920041  0.365120E+00  0.260270E+00   0.000  1  CBMAMI_2015_Linturi	
1155.000 -0.750007 -0.139095E+00  0.181530E+00   0.000  1  CBMAMI_2015_Linturi	
1155.000 -0.580049 -0.483900E+00  0.127534E+00   0.000  1  CBMAMI_2015_Linturi	
1155.000 -0.416662 -0.616514E+00  0.105995E+00   0.000  1  CBMAMI_2015_Linturi	
1155.000 -0.249670 -0.493732E+00  0.964070E-01   0.000  1  CBMAMI_2015_Linturi	
1155.000 -0.080060 -0.175837E+00  0.103832E+00   0.000  1  CBMAMI_2015_Linturi	
1155.000  0.079486  0.378100E-01  0.131633E+00   0.000  1  CBMAMI_2015_Linturi	
1155.000  0.249839  0.697220E-01  0.149252E+00   0.000  1  CBMAMI_2015_Linturi	
1155.000  0.419975 -0.344440E-01  0.177590E+00   0.000  1  CBMAMI_2015_Linturi	
1155.000  0.580063  0.577470E-01  0.185374E+00   0.000  1  CBMAMI_2015_Linturi	
1155.000  0.750007 -0.509900E-02  0.714900E-01   0.000  1  CBMAMI_2015_Linturi	
1155.000  0.920040  0.416730E-01  0.858490E-01   0.000  1  CBMAMI_2015_Linturi	
   12
1185.000 -0.920041  0.352353E+00  0.328736E+00   0.000  1  CBMAMI_2015_Linturi	
1185.000 -0.750007 -0.304580E+00  0.113277E+00   0.000  1  CBMAMI_2015_Linturi	
1185.000 -0.580049 -0.568506E+00  0.108013E+00   0.000  1  CBMAMI_2015_Linturi	
1185.000 -0.416662 -0.605490E+00  0.777850E-01   0.000  1  CBMAMI_2015_Linturi	
1185.000 -0.249670 -0.437736E+00  0.129307E+00   0.000  1  CBMAMI_2015_Linturi	
1185.000 -0.080060 -0.228520E+00  0.191650E+00   0.000  1  CBMAMI_2015_Linturi	
1185.000  0.079486  0.617210E-01  0.109640E+00   0.000  1  CBMAMI_2015_Linturi	
1185.000  0.249839  0.613930E-01  0.166240E+00   0.000  1  CBMAMI_2015_Linturi	
1185.000  0.419975  0.362300E-01  0.692730E-01   0.000  1  CBMAMI_2015_Linturi	
1185.000  0.580063 -0.340170E-01  0.160512E+00   0.000  1  CBMAMI_2015_Linturi	
1185.000  0.750007 -0.437410E-01  0.163330E+00   0.000  1  CBMAMI_2015_Linturi	
1185.000  0.920040  0.285708E+00  0.180896E+00   0.000  1  CBMAMI_2015_Linturi	
   12
1215.000 -0.920041  0.294030E+00  0.158688E+00   0.000  1  CBMAMI_2015_Linturi	
1215.000 -0.750007 -0.364424E+00  0.178746E+00   0.000  1  CBMAMI_2015_Linturi	
1215.000 -0.580049 -0.596299E+00  0.991430E-01   0.000  1  CBMAMI_2015_Linturi	
1215.000 -0.416662 -0.653316E+00  0.934620E-01   0.000  1  CBMAMI_2015_Linturi	
1215.000 -0.249670 -0.438708E+00  0.107697E+00   0.000  1  CBMAMI_2015_Linturi	
1215.000 -0.080060 -0.186493E+00  0.305456E+00   0.000  1  CBMAMI_2015_Linturi	
1215.000  0.079486 -0.661200E-01  0.139573E+00   0.000  1  CBMAMI_2015_Linturi	
1215.000  0.249839 -0.527500E-02  0.141120E+00   0.000  1  CBMAMI_2015_Linturi	
1215.000  0.419975 -0.438200E-02  0.198625E+00   0.000  1  CBMAMI_2015_Linturi	
1215.000  0.580063 -0.377820E-01  0.151411E+00   0.000  1  CBMAMI_2015_Linturi	
1215.000  0.750007 -0.658350E-01  0.159526E+00   0.000  1  CBMAMI_2015_Linturi	
1215.000  0.920040  0.408080E-01  0.147103E+00   0.000  1  CBMAMI_2015_Linturi	
   12
1245.000 -0.920041  0.502660E+00  0.202009E+00   0.000  1  CBMAMI_2015_Linturi	
1245.000 -0.750007 -0.208813E+00  0.161945E+00   0.000  1  CBMAMI_2015_Linturi	
1245.000 -0.580049 -0.510700E+00  0.978240E-01   0.000  1  CBMAMI_2015_Linturi	
1245.000 -0.416662 -0.663280E+00  0.766440E-01   0.000  1  CBMAMI_2015_Linturi	
1245.000 -0.249670 -0.403975E+00  0.186756E+00   0.000  1  CBMAMI_2015_Linturi	
1245.000 -0.080060 -0.272789E+00  0.208511E+00   0.000  1  CBMAMI_2015_Linturi	
1245.000  0.079486 -0.138219E+00  0.202210E+00   0.000  1  CBMAMI_2015_Linturi	
1245.000  0.249839 -0.505620E-01  0.157970E+00   0.000  1  CBMAMI_2015_Linturi	
1245.000  0.419975 -0.344030E-01  0.180588E+00   0.000  1  CBMAMI_2015_Linturi	
1245.000  0.580063  0.970400E-02  0.150490E+00   0.000  1  CBMAMI_2015_Linturi	
1245.000  0.750007 -0.210200E-01  0.125986E+00   0.000  1  CBMAMI_2015_Linturi	
1245.000  0.920040  0.320041E+00  0.156021E+00   0.000  1  CBMAMI_2015_Linturi	
   12
1275.000 -0.920041  0.265854E+00  0.305089E+00   0.000  1  CBMAMI_2015_Linturi	
1275.000 -0.750007 -0.196804E+00  0.194659E+00   0.000  1  CBMAMI_2015_Linturi	
1275.000 -0.580049 -0.539457E+00  0.149028E+00   0.000  1  CBMAMI_2015_Linturi	
1275.000 -0.416662 -0.551503E+00  0.125076E+00   0.000  1  CBMAMI_2015_Linturi	
1275.000 -0.249670 -0.229683E+00  0.183690E+00   0.000  1  CBMAMI_2015_Linturi	
1275.000 -0.080060 -0.137092E+00  0.184734E+00   0.000  1  CBMAMI_2015_Linturi	
1275.000  0.079486 -0.897920E-01  0.155502E+00   0.000  1  CBMAMI_2015_Linturi	
1275.000  0.249839 -0.117570E-01  0.176820E+00   0.000  1  CBMAMI_2015_Linturi	
1275.000  0.419975 -0.761910E-01  0.103730E+00   0.000  1  CBMAMI_2015_Linturi	
1275.000  0.580063  0.649140E-01  0.106850E+00   0.000  1  CBMAMI_2015_Linturi	
1275.000  0.750007 -0.908500E-02  0.136481E+00   0.000  1  CBMAMI_2015_Linturi	
1275.000  0.920040  0.478010E-01  0.100320E+00   0.000  1  CBMAMI_2015_Linturi	
   12
1305.000 -0.920041  0.362577E+00  0.201081E+00   0.000  1  CBMAMI_2015_Linturi	
1305.000 -0.750007 -0.893260E-01  0.216510E+00   0.000  1  CBMAMI_2015_Linturi	
1305.000 -0.580049 -0.507342E+00  0.202114E+00   0.000  1  CBMAMI_2015_Linturi	
1305.000 -0.416662 -0.458734E+00  0.227245E+00   0.000  1  CBMAMI_2015_Linturi	
1305.000 -0.249670 -0.475843E+00  0.159992E+00   0.000  1  CBMAMI_2015_Linturi	
1305.000 -0.080060 -0.331178E+00  0.156664E+00   0.000  1  CBMAMI_2015_Linturi	
1305.000  0.079486 -0.137239E+00  0.247950E+00   0.000  1  CBMAMI_2015_Linturi	
1305.000  0.249839 -0.189601E+00  0.230628E+00   0.000  1  CBMAMI_2015_Linturi	
1305.000  0.419975 -0.185992E+00  0.233729E+00   0.000  1  CBMAMI_2015_Linturi	
1305.000  0.580063  0.232660E-01  0.201470E+00   0.000  1  CBMAMI_2015_Linturi	
1305.000  0.750007 -0.266990E-01  0.139160E+00   0.000  1  CBMAMI_2015_Linturi	
1305.000  0.920040  0.122861E+00  0.200612E+00   0.000  1  CBMAMI_2015_Linturi	
   12
1335.000 -0.920041  0.980890E-01  0.316060E+00   0.000  1  CBMAMI_2015_Linturi	
1335.000 -0.750007 -0.239027E+00  0.271160E+00   0.000  1  CBMAMI_2015_Linturi	
1335.000 -0.580049 -0.344972E+00  0.254442E+00   0.000  1  CBMAMI_2015_Linturi	
1335.000 -0.416662 -0.353961E+00  0.285064E+00   0.000  1  CBMAMI_2015_Linturi	
1335.000 -0.249670 -0.154523E+00  0.258693E+00   0.000  1  CBMAMI_2015_Linturi	
1335.000 -0.080060 -0.258858E+00  0.224652E+00   0.000  1  CBMAMI_2015_Linturi	
1335.000  0.079486 -0.357809E+00  0.253013E+00   0.000  1  CBMAMI_2015_Linturi	
1335.000  0.249839 -0.239700E-02  0.204036E+00   0.000  1  CBMAMI_2015_Linturi	
1335.000  0.419975 -0.311910E+00  0.216074E+00   0.000  1  CBMAMI_2015_Linturi	
1335.000  0.580063 -0.810250E-01  0.188040E+00   0.000  1  CBMAMI_2015_Linturi	
1335.000  0.750007  0.100582E+00  0.224527E+00   0.000  1  CBMAMI_2015_Linturi	
1335.000  0.920040 -0.177009E+00  0.242958E+00   0.000  1  CBMAMI_2015_Linturi	
   12
1365.000 -0.920041 -0.626820E-01  0.273897E+00   0.000  1  CBMAMI_2015_Linturi	
1365.000 -0.750007 -0.144475E+00  0.203701E+00   0.000  1  CBMAMI_2015_Linturi	
1365.000 -0.580049 -0.236235E+00  0.217353E+00   0.000  1  CBMAMI_2015_Linturi	
1365.000 -0.416662 -0.123305E+00  0.227880E+00   0.000  1  CBMAMI_2015_Linturi	
1365.000 -0.249670 -0.548100E-02  0.124750E+00   0.000  1  CBMAMI_2015_Linturi	
1365.000 -0.080060 -0.334788E+00  0.145942E+00   0.000  1  CBMAMI_2015_Linturi	
1365.000  0.079486 -0.203579E+00  0.213840E+00   0.000  1  CBMAMI_2015_Linturi	
1365.000  0.249839 -0.293062E+00  0.178251E+00   0.000  1  CBMAMI_2015_Linturi	
1365.000  0.419975 -0.955310E-01  0.107440E+00   0.000  1  CBMAMI_2015_Linturi	
1365.000  0.580063 -0.302793E+00  0.152593E+00   0.000  1  CBMAMI_2015_Linturi	
1365.000  0.750007 -0.986860E-01  0.278176E+00   0.000  1  CBMAMI_2015_Linturi	
1365.000  0.920040  0.114310E-01  0.299708E+00   0.000  1  CBMAMI_2015_Linturi	
   12
1395.000 -0.920041  0.307608E+00  0.157981E+00   0.000  1  CBMAMI_2015_Linturi	
1395.000 -0.750007 -0.175967E+00  0.268723E+00   0.000  1  CBMAMI_2015_Linturi	
1395.000 -0.580049  0.468670E-01  0.244490E+00   0.000  1  CBMAMI_2015_Linturi	
1395.000 -0.416662 -0.410970E-01  0.200785E+00   0.000  1  CBMAMI_2015_Linturi	
1395.000 -0.249670 -0.199404E+00  0.258666E+00   0.000  1  CBMAMI_2015_Linturi	
1395.000 -0.080060 -0.761990E-01  0.330760E+00   0.000  1  CBMAMI_2015_Linturi	
1395.000  0.079486 -0.169445E+00  0.228031E+00   0.000  1  CBMAMI_2015_Linturi	
1395.000  0.249839 -0.176565E+00  0.290060E+00   0.000  1  CBMAMI_2015_Linturi	
1395.000  0.419975 -0.302441E+00  0.293656E+00   0.000  1  CBMAMI_2015_Linturi	
1395.000  0.580063 -0.477328E+00  0.115076E+00   0.000  1  CBMAMI_2015_Linturi	
1395.000  0.750007  0.324910E-01  0.203019E+00   0.000  1  CBMAMI_2015_Linturi	
1395.000  0.920040  0.655700E-01  0.249791E+00   0.000  1  CBMAMI_2015_Linturi	
