    6
   14
 730.000 -0.929969  0.809000E+00  0.800000E-01   0.000  1  CBELSA_2014_Gottscha
 730.000 -0.799999  0.477000E+00  0.530000E-01   0.000  1  CBELSA_2014_Gottscha
 730.000 -0.670038  0.262000E+00  0.570000E-01   0.000  1  CBELSA_2014_Gottscha
 730.000 -0.529919  0.272000E+00  0.430000E-01   0.000  1  CBELSA_2014_Gottscha
 730.000 -0.400029  0.186000E+00  0.420000E-01   0.000  1  CBELSA_2014_Gottscha
 730.000 -0.269928  0.680000E-01  0.400000E-01   0.000  1  CBELSA_2014_Gottscha
 730.000 -0.130007  0.330000E-01  0.390000E-01   0.000  1  CBELSA_2014_Gottscha
 730.000  0.000000 -0.130000E-01  0.410000E-01   0.000  1  CBELSA_2014_Gottscha
 730.000  0.130007 -0.400000E-02  0.390000E-01   0.000  1  CBELSA_2014_Gottscha
 730.000  0.269928 -0.230000E-01  0.400000E-01   0.000  1  CBELSA_2014_Gottscha
 730.000  0.400029 -0.100000E-01  0.410000E-01   0.000  1  CBELSA_2014_Gottscha
 730.000  0.530067  0.123000E+00  0.440000E-01   0.000  1  CBELSA_2014_Gottscha
 730.000  0.670038  0.211000E+00  0.540000E-01   0.000  1  CBELSA_2014_Gottscha
 730.000  0.799999  0.256000E+00  0.228000E+00   0.000  1  CBELSA_2014_Gottscha
   14
1030.000 -0.929969 -0.136000E+00  0.610000E-01   0.000  1  CBELSA_2014_Gottscha
1030.000 -0.799999 -0.599000E+00  0.460000E-01   0.000  1  CBELSA_2014_Gottscha
1030.000 -0.670038 -0.725000E+00  0.430000E-01   0.000  1  CBELSA_2014_Gottscha
1030.000 -0.529919 -0.752000E+00  0.430000E-01   0.000  1  CBELSA_2014_Gottscha
1030.000 -0.400029 -0.673000E+00  0.470000E-01   0.000  1  CBELSA_2014_Gottscha
1030.000 -0.269928 -0.611000E+00  0.500000E-01   0.000  1  CBELSA_2014_Gottscha
1030.000 -0.130007 -0.318000E+00  0.500000E-01   0.000  1  CBELSA_2014_Gottscha
1030.000  0.000000 -0.900000E-01  0.510000E-01   0.000  1  CBELSA_2014_Gottscha
1030.000  0.130007  0.880000E-01  0.480000E-01   0.000  1  CBELSA_2014_Gottscha
1030.000  0.269928  0.127000E+00  0.490000E-01   0.000  1  CBELSA_2014_Gottscha
1030.000  0.400029  0.790000E-01  0.470000E-01   0.000  1  CBELSA_2014_Gottscha
1030.000  0.530067  0.400000E-02  0.510000E-01   0.000  1  CBELSA_2014_Gottscha
1030.000  0.670038 -0.158000E+00  0.490000E-01   0.000  1  CBELSA_2014_Gottscha
1030.000  0.799999 -0.314000E+00  0.530000E-01   0.000  1  CBELSA_2014_Gottscha
   15
1400.000 -0.929969  0.160000E+00  0.660000E-01   0.000  1  CBELSA_2014_Gottscha
1400.000 -0.799999 -0.342000E+00  0.670000E-01   0.000  1  CBELSA_2014_Gottscha
1400.000 -0.670038 -0.515000E+00  0.710000E-01   0.000  1  CBELSA_2014_Gottscha
1400.000 -0.529919 -0.465000E+00  0.760000E-01   0.000  1  CBELSA_2014_Gottscha
1400.000 -0.400029 -0.469000E+00  0.750000E-01   0.000  1  CBELSA_2014_Gottscha
1400.000 -0.269928 -0.510000E+00  0.950000E-01   0.000  1  CBELSA_2014_Gottscha
1400.000 -0.130007 -0.720000E+00  0.790000E-01   0.000  1  CBELSA_2014_Gottscha
1400.000  0.000000 -0.606000E+00  0.810000E-01   0.000  1  CBELSA_2014_Gottscha
1400.000  0.130007 -0.625000E+00  0.690000E-01   0.000  1  CBELSA_2014_Gottscha
1400.000  0.269928 -0.418000E+00  0.760000E-01   0.000  1  CBELSA_2014_Gottscha
1400.000  0.400029 -0.234000E+00  0.106000E+00   0.000  1  CBELSA_2014_Gottscha
1400.000  0.530067 -0.212000E+00  0.129000E+00   0.000  1  CBELSA_2014_Gottscha
1400.000  0.670038 -0.253000E+00  0.760000E-01   0.000  1  CBELSA_2014_Gottscha
1400.000  0.799999 -0.255000E+00  0.540000E-01   0.000  1  CBELSA_2014_Gottscha
1400.000  0.930033 -0.160000E+00  0.110000E+00   0.000  1  CBELSA_2014_Gottscha
   15
1500.000 -0.929969  0.890000E-01  0.670000E-01   0.000  1  CBELSA_2014_Gottscha
1500.000 -0.799999 -0.485000E+00  0.760000E-01   0.000  1  CBELSA_2014_Gottscha
1500.000 -0.670038 -0.392000E+00  0.790000E-01   0.000  1  CBELSA_2014_Gottscha
1500.000 -0.529919 -0.321000E+00  0.730000E-01   0.000  1  CBELSA_2014_Gottscha
1500.000 -0.400029 -0.410000E+00  0.750000E-01   0.000  1  CBELSA_2014_Gottscha
1500.000 -0.269928 -0.613000E+00  0.690000E-01   0.000  1  CBELSA_2014_Gottscha
1500.000 -0.130007 -0.614000E+00  0.730000E-01   0.000  1  CBELSA_2014_Gottscha
1500.000  0.000000 -0.780000E+00  0.600000E-01   0.000  1  CBELSA_2014_Gottscha
1500.000  0.130007 -0.838000E+00  0.710000E-01   0.000  1  CBELSA_2014_Gottscha
1500.000  0.269928 -0.778000E+00  0.196000E+00   0.000  1  CBELSA_2014_Gottscha
1500.000  0.400029 -0.553000E+00  0.182000E+00   0.000  1  CBELSA_2014_Gottscha
1500.000  0.530067 -0.428000E+00  0.172000E+00   0.000  1  CBELSA_2014_Gottscha
1500.000  0.670038 -0.143000E+00  0.830000E-01   0.000  1  CBELSA_2014_Gottscha
1500.000  0.799999 -0.183000E+00  0.550000E-01   0.000  1  CBELSA_2014_Gottscha
1500.000  0.930033 -0.740000E-01  0.980000E-01   0.000  1  CBELSA_2014_Gottscha
   15
1600.000 -0.929969  0.130000E-01  0.840000E-01   0.000  1  CBELSA_2014_Gottscha
1600.000 -0.799999 -0.395000E+00  0.940000E-01   0.000  1  CBELSA_2014_Gottscha
1600.000 -0.670038 -0.367000E+00  0.850000E-01   0.000  1  CBELSA_2014_Gottscha
1600.000 -0.529919 -0.245000E+00  0.890000E-01   0.000  1  CBELSA_2014_Gottscha
1600.000 -0.400029 -0.326000E+00  0.790000E-01   0.000  1  CBELSA_2014_Gottscha
1600.000 -0.269928 -0.610000E+00  0.830000E-01   0.000  1  CBELSA_2014_Gottscha
1600.000 -0.130007 -0.655000E+00  0.660000E-01   0.000  1  CBELSA_2014_Gottscha
1600.000  0.000000 -0.885000E+00  0.670000E-01   0.000  1  CBELSA_2014_Gottscha
1600.000  0.130007 -0.102700E+01 -0.860000E-01   0.000  1  CBELSA_2014_Gottscha
1600.000  0.269928 -0.124900E+01 -0.155000E+00   0.000  1  CBELSA_2014_Gottscha
1600.000  0.400029 -0.105400E+01 -0.368000E+00   0.000  1  CBELSA_2014_Gottscha
1600.000  0.530067  0.980000E-01  0.160000E+00   0.000  1  CBELSA_2014_Gottscha
1600.000  0.670038 -0.232000E+00  0.810000E-01   0.000  1  CBELSA_2014_Gottscha
1600.000  0.799999 -0.220000E-01  0.560000E-01   0.000  1  CBELSA_2014_Gottscha
1600.000  0.930033 -0.115000E+00  0.110000E+00   0.000  1  CBELSA_2014_Gottscha
   15
2100.000 -0.929969 -0.102100E+01 -0.193000E+00   0.000  1  CBELSA_2014_Gottscha
2100.000 -0.799999 -0.520000E+00  0.234000E+00   0.000  1  CBELSA_2014_Gottscha
2100.000 -0.670038 -0.700000E-01  0.180000E+00   0.000  1  CBELSA_2014_Gottscha
2100.000 -0.529919  0.400000E-02  0.107000E+00   0.000  1  CBELSA_2014_Gottscha
2100.000 -0.400029 -0.288000E+00  0.910000E-01   0.000  1  CBELSA_2014_Gottscha
2100.000 -0.269928 -0.415000E+00  0.700000E-01   0.000  1  CBELSA_2014_Gottscha
2100.000 -0.130007 -0.790000E+00  0.950000E-01   0.000  1  CBELSA_2014_Gottscha
2100.000  0.000000 -0.801000E+00  0.840000E-01   0.000  1  CBELSA_2014_Gottscha
2100.000  0.130007 -0.966000E+00  0.108000E+00   0.000  1  CBELSA_2014_Gottscha
2100.000  0.269928 -0.715000E+00  0.103000E+00   0.000  1  CBELSA_2014_Gottscha
2100.000  0.400029 -0.373000E+00  0.181000E+00   0.000  1  CBELSA_2014_Gottscha
2100.000  0.530067 -0.137000E+00  0.124000E+00   0.000  1  CBELSA_2014_Gottscha
2100.000  0.670038  0.140000E+00  0.760000E-01   0.000  1  CBELSA_2014_Gottscha
2100.000  0.799999  0.243000E+00  0.500000E-01   0.000  1  CBELSA_2014_Gottscha
2100.000  0.930033  0.211000E+00  0.650000E-01   0.000  1  CBELSA_2014_Gottscha
